-200 -200 100
-100 300 100
300 200 100
200 -200 100
100 300 100
0 0 100
50 50 100
30 30 100
20 20 100
-10 0 100
200 -200 100
100 300 100
-300 200 100
-200 -200 100
-100 300 100
300 0 100
-50 50 100
-30 30 100
-20 20 100
10 0 100
-200 -200 100
-100 300 100
300 200 100
200 -200 100
100 300 100
0 0 100
50 50 100
30 30 100
20 20 100
-10 0 100
200 -200 100
100 300 100
-300 200 100
-200 -200 100
-100 300 100
300 0 100
-50 50 100
-30 30 100
-20 20 100
10 0 100
-200 -200 100
-100 300 100
300 200 100
200 -200 100
100 300 100
0 0 100
50 50 100
30 30 100
20 20 100
-10 0 100
200 -200 100
100 300 100
-300 200 100
-200 -200 100
-100 300 100
300 0 100
-50 50 100
-30 30 100
-20 20 100
10 0 100
-200 -200 100
-100 300 100
300 200 100
200 -200 100
100 300 100
0 0 100
50 50 100
30 30 100
20 20 100
-10 0 100
200 -200 100
100 300 100
-300 200 100
-200 -200 100
-100 300 100
300 0 100
-50 50 100
-30 30 100
-20 20 100
10 0 100
-200 -200 100
-100 300 100
300 200 100
200 -200 100
100 300 100
0 0 100
50 50 100
30 30 100
20 20 100
-10 0 100
200 -200 100
100 300 100
-300 200 100
-200 -200 100
-100 300 100
300 0 100
-50 50 100
-30 30 100
-20 20 100
10 0 100
-200 -200 100
-100 300 100
300 200 100
200 -200 100
100 300 100
0 0 100
50 50 100
30 30 100
20 20 100
-10 0 100
200 -200 100
100 300 100
-300 200 100
-200 -200 100
-100 300 100
300 0 100
-50 50 100
-30 30 100
-20 20 100
10 0 100
-200 -200 100
-100 300 100
300 200 100
200 -200 100
100 300 100
0 0 100
50 50 100
30 30 100
20 20 100
-10 0 100
200 -200 100
100 300 100
-300 200 100
-200 -200 100
-100 300 100
300 0 100
-50 50 100
-30 30 100
-20 20 100
10 0 100
-200 -200 100
-100 300 100
300 200 100
200 -200 100
100 300 100
0 0 100
50 50 100
30 30 100
20 20 100
-10 0 100
200 -200 100
100 300 100
-300 200 100
-200 -200 100
-100 300 100
300 0 100
-50 50 100
-30 30 100
-20 20 100
10 0 100
-200 -200 100
-100 300 100
300 200 100
200 -200 100
100 300 100
0 0 100
50 50 100
30 30 100
20 20 100
-10 0 100
200 -200 100
100 300 100
-300 200 100
-200 -200 100
-100 300 100
300 0 100
-50 50 100
-30 30 100
-20 20 100
10 0 100
-200 -200 100
-100 300 100
300 200 100
200 -200 100
100 300 100
0 0 100
50 50 100
30 30 100
20 20 100
-10 0 100
200 -200 100
100 300 100
-300 200 100
-200 -200 100
-100 300 100
300 0 100
-50 50 100
-30 30 100
-20 20 100
10 0 100
-200 -200 100
-100 300 100
300 200 100
200 -200 100
100 300 100
0 0 100
50 50 100
30 30 100
20 20 100
-10 0 100
200 -200 100
100 300 100
-300 200 100
-200 -200 100
-100 300 100
300 0 100
-50 50 100
-30 30 100
-20 20 100
10 0 100
-200 -200 100
-100 300 100
300 200 100
200 -200 100
100 300 100
0 0 100
50 50 100
30 30 100
20 20 100
-10 0 100
200 -200 100
100 300 100
-300 200 100
-200 -200 100
-100 300 100
300 0 100
-50 50 100
-30 30 100
-20 20 100
10 0 100
-200 -200 100
-100 300 100
300 200 100
200 -200 100
100 300 100
0 0 100
50 50 100
30 30 100
20 20 100
-10 0 100
200 -200 100
100 300 100
-300 200 100
-200 -200 100
-100 300 100
300 0 100
-50 50 100
-30 30 100
-20 20 100
10 0 100
-200 -200 100
-100 300 100
300 200 100
200 -200 100
100 300 100
0 0 100
50 50 100
30 30 100
20 20 100
-10 0 100
200 -200 100
100 300 100
-300 200 100
-200 -200 100
-100 300 100
300 0 100
-50 50 100
-30 30 100
-20 20 100
10 0 100
-200 -200 100
-100 300 100
300 200 100
200 -200 100
100 300 100
0 0 100
50 50 100
30 30 100
20 20 100
-10 0 100
200 -200 100
100 300 100
-300 200 100
-200 -200 100
-100 300 100
300 0 100
-50 50 100
-30 30 100
-20 20 100
10 0 100
-200 -200 100
-100 300 100
300 200 100
200 -200 100
100 300 100
0 0 100
50 50 100
30 30 100
20 20 100
-10 0 100
200 -200 100
100 300 100
-300 200 100
-200 -200 100
-100 300 100
300 0 100
-50 50 100
-30 30 100
-20 20 100
10 0 100
-200 -200 100
-100 300 100
300 200 100
200 -200 100
100 300 100
0 0 100
50 50 100
30 30 100
20 20 100
-10 0 100
200 -200 100
100 300 100
-300 200 100
-200 -200 100
-100 300 100
300 0 100
-50 50 100
-30 30 100
-20 20 100
10 0 100
-200 -200 100
-100 300 100
300 200 100
200 -200 100
100 300 100
0 0 100
50 50 100
30 30 100
20 20 100
-10 0 100
200 -200 100
100 300 100
-300 200 100
-200 -200 100
-100 300 100
300 0 100
-50 50 100
-30 30 100
-20 20 100
10 0 100
-200 -200 100
-100 300 100
300 200 100
200 -200 100
100 300 100
0 0 100
50 50 100
30 30 100
20 20 100
-10 0 100
200 -200 100
100 300 100
-300 200 100
-200 -200 100
-100 300 100
300 0 100
-50 50 100
-30 30 100
-20 20 100
10 0 100
-200 -200 100
-100 300 100
300 200 100
200 -200 100
100 300 100
0 0 100
50 50 100
30 30 100
20 20 100
-10 0 100
200 -200 100
100 300 100
-300 200 100
-200 -200 100
-100 300 100
300 0 100
-50 50 100
-30 30 100
-20 20 100
10 0 100
-200 -200 100
-100 300 100
300 200 100
200 -200 100
100 300 100
0 0 100
50 50 100
30 30 100
20 20 100
-10 0 100
200 -200 100
100 300 100
-300 200 100
-200 -200 100
-100 300 100
300 0 100
-50 50 100
-30 30 100
-20 20 100
10 0 100
-200 -200 100
-100 300 100
300 200 100
200 -200 100
100 300 100
0 0 100
50 50 100
30 30 100
20 20 100
-10 0 100
200 -200 100
100 300 100
-300 200 100
-200 -200 100
-100 300 100
300 0 100
-50 50 100
-30 30 100
-20 20 100
10 0 100
-200 -200 100
-100 300 100
300 200 100
200 -200 100
100 300 100
0 0 100
50 50 100
30 30 100
20 20 100
-10 0 100
200 -200 100
100 300 100
-300 200 100
-200 -200 100
-100 300 100
300 0 100
-50 50 100
-30 30 100
-20 20 100
10 0 100
-200 -200 100
-100 300 100
300 200 100
200 -200 100
100 300 100
0 0 100
50 50 100
30 30 100
20 20 100
-10 0 100
200 -200 100
100 300 100
-300 200 100
-200 -200 100
-100 300 100
300 0 100
-50 50 100
-30 30 100
-20 20 100
10 0 100
-200 -200 100
-100 300 100
300 200 100
200 -200 100
100 300 100
0 0 100
50 50 100
30 30 100
20 20 100
-10 0 100
200 -200 100
100 300 100
-300 200 100
-200 -200 100
-100 300 100
300 0 100
-50 50 100
-30 30 100
-20 20 100
10 0 100
-200 -200 100
-100 300 100
300 200 100
200 -200 100
100 300 100
0 0 100
50 50 100
30 30 100
20 20 100
-10 0 100
200 -200 100
100 300 100
-300 200 100
-200 -200 100
-100 300 100
300 0 100
-50 50 100
-30 30 100
-20 20 100
10 0 100
-200 -200 100
-100 300 100
300 200 100
200 -200 100
100 300 100
0 0 100
50 50 100
30 30 100
20 20 100
-10 0 100
200 -200 100
100 300 100
-300 200 100
-200 -200 100
-100 300 100
300 0 100
-50 50 100
-30 30 100
-20 20 100
10 0 100
-200 -200 100
-100 300 100
300 200 100
200 -200 100
100 300 100
0 0 100
50 50 100
30 30 100
20 20 100
-10 0 100
200 -200 100
100 300 100
-300 200 100
-200 -200 100
-100 300 100
300 0 100
-50 50 100
-30 30 100
-20 20 100
10 0 100
-200 -200 100
-100 300 100
300 200 100
200 -200 100
100 300 100
0 0 100
50 50 100
30 30 100
20 20 100
-10 0 100
200 -200 100
100 300 100
-300 200 100
-200 -200 100
-100 300 100
300 0 100
-50 50 100
-30 30 100
-20 20 100
10 0 100
-200 -200 100
-100 300 100
300 200 100
200 -200 100
100 300 100
0 0 100
50 50 100
30 30 100
20 20 100
-10 0 100
200 -200 100
100 300 100
-300 200 100
-200 -200 100
-100 300 100
300 0 100
-50 50 100
-30 30 100
-20 20 100
10 0 100
-200 -200 100
-100 300 100
300 200 100
200 -200 100
100 300 100
0 0 100
50 50 100
30 30 100
20 20 100
-10 0 100
200 -200 100
100 300 100
-300 200 100
-200 -200 100
-100 300 100
300 0 100
-50 50 100
-30 30 100
-20 20 100
10 0 100
-200 -200 100
-100 300 100
300 200 100
200 -200 100
100 300 100
0 0 100
50 50 100
30 30 100
20 20 100
-10 0 100
200 -200 100
100 300 100
-300 200 100
-200 -200 100
-100 300 100
300 0 100
-50 50 100
-30 30 100
-20 20 100
10 0 100
-200 -200 100
-100 300 100
300 200 100
200 -200 100
100 300 100
0 0 100
50 50 100
30 30 100
20 20 100
-10 0 100
200 -200 100
100 300 100
-300 200 100
-200 -200 100
-100 300 100
300 0 100
-50 50 100
-30 30 100
-20 20 100
10 0 100
-200 -200 100
-100 300 100
300 200 100
200 -200 100
100 300 100
0 0 100
50 50 100
30 30 100
20 20 100
-10 0 100
200 -200 100
100 300 100
-300 200 100
-200 -200 100
-100 300 100
300 0 100
-50 50 100
-30 30 100
-20 20 100
10 0 100
-200 -200 100
-100 300 100
300 200 100
200 -200 100
100 300 100
0 0 100
50 50 100
30 30 100
20 20 100
-10 0 100
200 -200 100
100 300 100
-300 200 100
-200 -200 100
-100 300 100
300 0 100
-50 50 100
-30 30 100
-20 20 100
10 0 100